X만족도 Y만족도 Z만족도 W만족도  GENDER     AGE  INCOME
       4       3       3       4       1      20      12
       3       3       3       3       1      27      15
       3       3       3       3       1      27      15
       3       3               5       2      26      10
                               3       2      24      20
       3       3       4       4       2      29      25
       3       1       1       4       2      22      10
                               3       2      26      50
       3       3       2       4       2      25      40
       4       3       3       4       1      27      10
       3       3       4       4       1      27      30
                       3       4       2      20      15
                                       2      26      20
       3       3       3       3       2      25      10
       4       3       3       4       2      25      20
       4       3       4       5       1      26      20
       4       3       3       4       1      20      30
       3       3       3       5       1      25      40
       3       3       3       3       1      24      27
       3       3       3       4       1      25      30
       2       2       2       5       1      25      30
       3       3       3       4       1      25      15
       4       4       4       5       1      22      20
       3       3       2       4       2      22      20
       3       3       3       4       2      22      40
       3       4       4       4       2      20      45
       3       3       3       5       1      29      20
       3       2       4       3       1      29      30
       3       3       3       4       1      28      10
       3       3       4       5       1      28      30
       3       3       4       4       1      20      18
                               4       1      25      20
       3       3       3       4       1      29      40
       3       3       4       5       1      26      25
       2       2       2       4       2      23      20
       3       3       3       4       1      27      25
       3       3       3       5       2      24      25
                               4       1      27      15
                               4       2      23      20
       3       3       3       3       1      27      30
                       4       4       2      23      30
       3       3       3       4       2      24      20
       3       3       3       4       2      24      20
       4                       4       2      23      30
       3       3       3       4       2      21      30
       3       3       3       3       2      24      25
       2       2       3       4       2      23      35
       3       3       3       4       2      22      15
       3       3       3       4       2      23      20
                               4       2      22      20
       4       3       3       4       2      23      20
       3       3       3       3       2      22      20
       3       3       3       3       2      21      30
       3       4       3       4       2      23      20
       4       3       3       4       2      22      20
       3       3       3       3       2      22      20
       2       4       3       4       2      23      10
       3       3       3       4       2      23      25
       4       3       3       4       2      23      20
       3       3       3       3       2      24      25
       3       3       3       4       2      22      20
       3       3       4       5       1      28      20
       3       3       4       5       1      21      20
       4       3       3       4       1      19      15
                               4       1      22      15
       4       4       4       4       2      27      50
       3       3       3       4       2      30      30
       3       3       4       4       1      27      15
       3       3       2       4       1      26      20
       2       3       3       4       1      21      15
       2       3       4       5       1      26      25
       4       3       3       4       2      20      20
       3       2       2       5       1      23      25
       3       3       3       4       2      20
       5       2       2       4       1      20      20
       4       3       4       5       1      23      25
       3       3       2       5       2      20      20
       3       3       3       4       2      19      10
       3       3       3       4       2      20      25
                               5       2      20      20
       3       3       3       3       2      24      20
       3       3       4       4       1      28      50
       2       2       2       5       1      20      40
       4       3       3       4       1      21      30
       3       3       3       4       1      23      40
       3       3       3       3       1      26      20
       4       3       3       5       1      24      20
       3       3       3       3       1      26      40
                               3       2      28      20
       2       2       2       5       2      23      20
                               1       2      21      30
       3       3       3       4       2      23      20
                               2       2      26      60
       3       3       3       4       1      24      25
       3       2       3       3       2      23      20
       2       3       1       5       1      19      10
       3       3       3       4       2      21      20
       3       3       3       3       2      19      20
       3       2       1       5       1      20      25
                               4       2      22      10
